                                                                                
                                                                                
                                                                                
                                                                                
                                                                                
                                                                                
                                                                                
                                                                                
                                                                                
                                                                                
                                                                                
             3                                                                  
          00020                                                                 
          00110                                                                 
          01010                                                                 
          010015                                                                
          01600                                                                 
          00000                                                                 
                                                                                
                                                                                
                                                                                
                                                                                
000000000 000 000000000     00000 00000 00000 0000 0000 00000  000000 0000      
000000  000  000000000 0000000 0000  000000 00000                               
                                                                                
